20 310394
20 310403
20 310406
20 310697
20 310715
20 318854
20 319054
20 319597
20 319626
20 321211
20 321219
20 321225
20 324068
20 324077
20 324085
20 324130
20 324183
20 324190
20 324192
20 324195
20 324197
20 324203
20 324210
20 324224
20 324243
20 324257
20 324261
20 324294
20 324321
20 324326
20 324334
20 324361
20 324392
20 324403
20 324416
20 324428
20 324431
20 324434
20 324458
20 324465
20 324479
20 324493
20 324503
20 324509
20 324511
20 324513
20 324524
20 324529
20 325209
20 325228
20 325230
20 325273
20 325279
20 325282
20 325302
20 325304
20 325310
20 325320
20 325327
20 325334
20 325339
20 325344
20 325347
20 325354
20 325374
20 325393
20 325400
20 325402
20 325405
20 325451
20 325462
20 325467
20 325473
20 325475
20 325477
20 325479
20 325482
20 325487
20 325492
20 325498
20 325501
20 325519
20 325521
20 325523
20 325526
20 325529
20 325535
20 325537
20 325539
20 325561
20 325564
20 325567
20 325571
20 325575
20 325582
20 325585
20 325587
20 325589
20 325591
20 325596
20 325598
20 325601
20 325627
20 325629
20 325637
20 325646
20 325654
20 325661
20 325690
20 325700
20 325706
20 325709
20 325715
20 325717
20 325720
20 325726
20 325736
20 325738
20 325755
20 325758
20 325762
20 325771
20 325775
20 325787
20 325799
20 325801
20 325808
20 325813
20 325818
20 325820
20 325825
20 325831
20 325839
20 325842
20 325845
20 325870
20 325872
20 325881
20 325885
20 325892
20 325895
20 325898
20 325905
20 325911
20 325921
20 325923
20 325942
20 326141
20 326150
20 326258
20 326277
20 326281
20 326289
20 326291
20 326297
20 326305
20 326314
20 326320
20 326327
20 326338
20 326343
20 326357
20 326359
20 326366
20 326369
20 326376
20 326395
20 326400
20 326403
20 326406
20 326410
20 326416
20 326419
20 326428
20 326431
20 326434
20 326453
20 326461
20 326469
20 326474
20 326496
20 326499
20 326504
20 326509
20 326513
20 326523
20 326528
20 326530
20 326541
20 326544
20 326548
20 326556
20 326560
20 326563
20 326566
20 326569
20 326572
20 326580
20 326586
20 326589
20 326596
20 326604
20 326625
20 326631
20 326655
20 326661
20 326664
20 326676
20 326709
20 326713
20 326728
20 326738
20 326740
20 326745
20 326763
20 326769
20 326772
20 326779
20 326787
20 326890
20 326892
20 326896
20 326945
20 326952
20 326973
20 326975
20 326996
20 327035
20 327076
20 327097
20 327100
20 327138
20 327150
20 327192
20 327202
20 327208
20 327217
20 327234
20 327251
20 327255
20 327260
20 327282
20 327287
20 327291
20 327301
20 327305
20 327307
20 327316
20 327343
20 327360
20 327365
20 327375
20 327383
20 327402
20 327406
20 327447
20 327453
20 327462
20 327466
20 327471
20 327481
20 327487
20 327498
20 327521
20 327550
20 327555
20 327558
20 330071
20 330120
20 330723
20 334914
20 337709
20 337741
20 338569
20 338689
